RALBP1 4392 14974 13174 12520 6682 6565 6928
RAB27B 7281 2961 2492 2569 607 656 711
DSG2 6190 15076 12974 12616 4698 4579 5231
NEDD4L 10066 2955 2667 2714 1907 1954 2065
LAMA3 11037 11603 10357 9686 3688 3741 3869
SERPINB3 2182 0 0 2 0 0 0
CTDP1 5954 997 825 825 578 578 632
FECH 3871 1471 1324 1225 1168 1319 1265
ROCK1 9484 3880 3364 3296 2568 2558 2768
CDH19 6341 0 0 0 5 0 2
ZNF532 7595 4535 4253 3788 5279 5634 5601
LMAN1 5521 9119 7918 7629 6417 7042 7035
TIMM21 4871 1092 983 944 925 943 924
MOCOS 6160 1257 1098 972 300 344 330
PIAS2 13972 515 464 456 688 719 711
PIK3C3 12138 1601 1375 1339 1875 1972 2213
CLUL1 3356 12 20 11 4 11 13
THOC1 2143 2197 1737 1826 1652 1517 1664
NDC80 2172 3597 3104 3113 1557 1553 1784
CDH7 13836 0 2 0 0 0 0
PHLPP1 6390 2677 2261 2221 1280 1248 1339
ATP8B1 5938 2336 2135 2024 832 915 930
ME2 9100 2775 2260 2247 1491 1499 1655
EPB41L3 5280 0 0 0 0 0 0
SEH1L 3494 5739 5277 5049 3361 3444 3512
ARHGAP28 9474 2 0 0 0 0 0
WDR7 14125 805 745 775 693 810 896
TXNL1 7093 674 631 602 572 565 520
CELF4 4189 53 75 46 7 6 25
ZNF516 8118 1623 1476 1356 1339 1409 1414
CDH20 4007 0 0 2 5 2 4
ADNP2 5385 3650 3002 2939 2662 2593 2709
RBFA 1412 938 808 789 626 683 637
USP14 5146 10106 8919 8684 6658 6725 7076
VAPA 6950 12530 10812 10544 8101 8484 8988
METTL4 3693 1676 1470 1452 927 904 964
LPIN2 6229 6486 5757 5471 4302 4169 4464
SMCHD1 8821 7915 6646 6819 5571 5259 5666
MYOM1 5848 113 99 64 97 77 106
MYL12A 1412 20686 18537 16815 11935 11555 12715
CEP76 2939 1059 944 886 597 683 718
ST8SIA5 14121 4 0 0 0 2 0
CEP192 7981 4348 3829 3707 3012 2783 3105
RNMT 6442 5826 5040 4875 4837 4902 5131
SMAD7 3192 1142 929 921 1443 1435 1554
LIPG 11828 463 373 339 53 43 53
LAMA1 9657 0 0 0 0 0 0
RNF125 6020 268 323 264 136 172 200
ANKRD12 11679 5644 4809 4853 4942 4576 5111
NOL4 4186 132 82 110 97 80 117
POLI 6504 840 648 645 780 826 812
MIB1 9576 5525 4596 4769 3416 3532 3581
RBBP8 3696 2326 1957 1967 1816 1759 1851
RIOK3 4038 4344 3526 3266 3851 3672 4055
TTR 1081 0 2 0 0 0 1
B4GALT6 3891 273 249 230 101 113 84
MYL12B 1761 19277 16818 15473 11655 11486 12698
KDSR 5447 1892 1675 1621 1357 1351 1378
VPS4B 3380 3094 2821 2547 1803 1927 1942
ONECUT2 16121 231 197 222 172 174 177
PQLC1 2555 1128 972 796 941 922 982
PSMG2 1971 4435 3780 3712 2804 2806 3080
TWSG1 4277 6489 5932 5602 3215 3771 3446
ZNF236 8180 732 587 652 671 663 699
NFATC1 7587 334 292 336 343 350 422
ENOSF1 4764 1874 1601 1697 2072 2083 2198
LINC00470 3351 403 389 441 463 517 485
EMILIN2 5910 105 80 80 160 159 161
SYT4 4110 0 0 0 0 0 0
SLC14A2 5033 0 0 2 2 0 0
CNDP2 5559 4568 3719 3697 2857 2998 3263
CTIF 5830 570 474 374 738 699 788
MRO 5391 0 0 0 2 2 4
MBD2 5635 2606 2431 2428 1376 1557 1463
IER3IP1 3525 855 791 801 652 653 600
NAPG 3548 2438 2296 2206 1984 2170 2186
SPIRE1 5763 4214 3591 3751 3175 3387 3463
RAX 3197 0 0 0 0 0 0
NARS 3099 12650 11169 10337 7944 7890 8160
GRP 848 0 0 0 0 0 0
KIAA1468 6379 2106 1809 1828 1723 1845 1824
HRH4 3668 4 4 8 2 4 0
TMEM241 3049 895 743 646 371 362 487
KCTD1 2774 590 522 443 598 514 503
CABLES1 5237 211 206 204 471 500 494
DSC2 12371 9554 8132 8026 3872 3764 4232
DSG3 5525 0 6 6 3 2 0
RNF138 3580 1432 1358 1219 907 1104 936
ELP2 8654 2597 2356 2201 1943 2091 2228
DSG1 5252 19 12 15 0 15 12
DSC3 7056 8 8 10 2 4 0
DSC1 4271 108 121 60 34 38 10
DTNA 10606 1092 850 941 2163 2145 2119
FHOD3 5653 2402 2137 2012 901 873 950
TPGS2 5386 4058 3682 3595 2943 3028 3020
SS18 3812 4071 3543 3566 2712 2830 2822
TAF4B 5275 842 759 715 650 625 637
AFG3L2 3247 5609 5072 4879 4523 4403 4758
PRELID3A 2367 430 412 397 291 309 330
IMPA2 1656 7046 6029 5853 1849 1905 1947
GNAL 7582 272 172 222 112 116 118
SLC39A6 3682 4387 3916 3705 2859 2914 3069
RPRD1A 4497 3976 3409 3510 2185 2373 2215
C18orf21 1668 416 363 432 342 300 388
GALNT1 4562 4520 3838 3926 4099 4052 4434
ASXL3 11344 0 4 4 4 4 2
ADCYAP1 3464 0 0 0 0 2 0
MEP1B 2312 1 1 4 2 0 4
SLC25A52 1319 0 0 2 2 0 4
GAREM 7036 676 576 690 207 210 226
ESCO1 4647 1342 1086 1080 896 876 980
OSBPL1A 6338 654 703 582 845 883 896
GATA6 3945 370 325 306 312 319 384
GREB1L 8907 377 304 359 233 231 237
C18orf8 2226 362 298 277 258 272 288
NPC1 5157 2552 2208 2258 1882 1960 2238
SLC14A1 5936 0 0 4 1 2 0
RNF165 11164 4 0 0 2 2 0
DYM 5379 1495 1322 1354 1030 910 1077
MAPK4 6498 0 0 0 0 0 0
ELAC1 2535 233 166 179 141 158 167
MBD1 5916 2463 2137 2097 1908 2115 2130
SMAD4 8906 2033 1800 1693 1748 1859 1966
TNFRSF11A 8175 146 135 94 41 49 28
ZCCHC2 6126 874 786 770 563 558 575
FBXO15 1708 58 39 50 35 23 32
CBLN2 3162 0 0 4 2 7 0
PMAIP1 2099 2986 2826 2530 1252 1375 1229
TXNL4A 4143 2085 1714 1557 1253 1175 1350
KIAA1328 8285 350 289 302 357 356 353
CCDC102B 2906 47 20 18 275 257 256
CD226 12824 28 28 26 51 26 46
CNDP1 4402 4 6 9 11 2 2
RIT2 1218 0 0 0 0 0 0
SETBP1 10972 0 0 0 0 0 0
EPG5 12633 1544 1461 1361 1648 1813 1809
PSTPIP2 3000 51 59 41 51 44 45
ATP5A1 6251 18780 15967 15535 13208 12661 13593
HAUS1 1125 1286 1069 1135 631 571 638
C18orf25 6758 2138 1948 1856 1552 1517 1508
TRAPPC8 7142 2201 2020 1821 1735 1653 1931
INO80C 3965 465 408 398 286 242 277
CABYR 2407 514 452 425 342 291 299
IMPACT 3792 2225 1884 1851 2126 1969 2116
ANKRD29 4033 76 36 81 506 544 558
CHST9 11522 242 218 193 77 83 54
PSMA8 1853 0 0 0 0 0 0
L3MBTL4 6546 0 0 0 0 0 0
CXXC1 2948 1501 1397 1279 1276 1255 1207
SKA1 2950 984 765 763 492 424 480
PPP4R1 3936 10620 8961 8881 7712 8056 8372
APCDD1 3809 12 18 21 80 96 99
PIEZO2 9913 0 0 0 0 0 0
MPPE1 4236 627 536 509 507 485 493
ABHD3 2582 1028 918 879 359 354 424
COLEC12 5742 0 0 0 0 0 0
NETO1 4923 0 0 2 2 0 14
CYB5A 3461 2832 2503 2381 1100 1133 1045
ATP9B 5450 488 331 386 462 521 547
SERPINB7 2367 111 85 110 19 10 21
SERPINB8 3890 443 423 446 880 838 834
TMX3 5498 1504 1354 1315 1651 1938 1801
CCDC68 4353 418 378 339 248 224 218
SEC11C 2706 517 462 399 416 382 351
CPLX4 3545 0 0 0 0 0 1
GALR1 10044 0 0 0 0 0 0
MC4R 1666 0 0 0 4 0 2
SERPINB12 1278 2 2 2 0 0 2
C18orf54 5882 642 550 526 356 354 390
CCDC178 3768 0 0 0 0 0 0
MAPRE2 5412 1375 1205 1205 1836 1911 1975
SNRPD1 4909 4129 3794 3284 2457 2444 2657
LOXHD1 7868 0 0 0 0 0 0
KATNAL2 3979 46 31 29 77 90 85
HDHD2 2212 1014 918 928 807 828 949
MYO5B 10066 5994 5334 5004 735 791 817
ACAA2 3668 467 396 435 268 264 317
TTC39C 6355 452 413 301 771 718 827
TXNDC2 3245 7 14 20 9 20 8
RAB31 4055 7964 6579 6626 12749 12079 13380
MTCL1 7470 3229 2975 2722 1498 1647 1674
LDLRAD4 11000 4 2 11 6 6 4
CDH2 4448 905 772 817 2308 2210 2245
DLGAP1 7532 43 22 18 34 53 43
SOCS6 5899 1473 1345 1251 1072 1081 1107
DSEL 9531 271 204 220 255 238 259
BCL2 11741 6 6 2 8 4 5
AQP4 5755 48 49 37 91 80 77
MALT1 9368 2232 1837 1976 761 785 876
CFAP53 1851 54 37 45 29 52 45
ZNF24 7610 5176 4505 4527 4037 4179 4317
TUBB8P12 1335 14 7 6 2 0 4
PTPRM 6455 974 857 741 1701 1809 1810
STARD6 1862 16 20 13 15 15 8
DSG4 4696 8 21 12 8 9 12
NF1P5 448 0 0 0 0 0 0
ZNF519 4666 300 297 254 188 212 236
PTPN2 4332 2679 2217 2227 1700 1806 1928
SMAD2 35303 2706 2273 2176 2386 2314 2323
RPL7AP66 801 67 76 48 42 40 57
TUBB6 3116 1382 1111 1059 2032 1935 2052
YES1 4842 6812 5776 5811 3550 3586 3802
MC5R 1200 0 0 0 0 0 0
CIDEA 828 0 0 0 0 0 0
RTTN 7326 1216 1034 1009 691 657 707
MEX3C 3269 2777 2310 2396 2003 1866 2107
RNF152 9501 0 0 0 0 0 2
TYMS 1662 2121 1769 1858 2199 2200 2358
TYMSOS 844 79 74 72 43 33 51
CETN1 1758 0 0 0 0 0 0
FAM210A 4372 1723 1460 1320 1168 1134 1247
DLGAP1-AS1 1966 446 388 350 368 394 388
TGIF1 6826 4168 3606 3399 2437 2453 2502
ST8SIA3 11833 0 0 0 0 0 0
C18orf32 5740 109 112 114 179 161 178
NDUFV2 1875 316 249 235 174 165 177
PARD6G 4169 107 100 107 77 115 112
KCNG2 1401 1 0 2 0 0 2
RP11-567M16.3 1111 0 0 0 0 0 2
DYNAP 2137 7 18 8 0 2 6
LINC00305 873 0 0 2 0 0 0
TSHZ1 5380 879 757 702 625 692 755
ZADH2 8053 2408 2098 2157 1520 1596 1588
ANKRD30B 4359 2 2 0 3 1 4
ANKRD62 2919 0 0 0 0 0 0
POTEC 2644 3 0 5 2 0 0
CCBE1 6229 52 39 43 28 38 40
TCEB3C 1877 0 0 0 0 0 0
ZBTB7C 5788 0 0 0 0 2 0
MC2R 3656 0 0 0 0 0 0
ANKRD20A5P 4544 23 7 0 4 16 22
ZNF396 4259 68 50 66 94 100 73
ZNF397 8111 1499 1203 1091 1093 1119 1105
ZSCAN30 7217 1308 1031 965 889 911 1063
DCC 10517 3 5 1 1 5 7
TERF1P2 1212 0 0 2 8 4 0
FAM69C 3843 0 0 0 0 0 0
DHFRP1 559 25 15 31 22 16 19
TCF4 11518 633 551 531 1032 1096 1198
SIGLEC15 1666 0 6 9 4 8 3
PIGN 5515 1182 1015 936 710 750 837
SERPINB2 2171 2 0 0 0 2 2
SERPINB13 3207 0 0 0 0 0 0
KLHL14 4871 2 0 0 0 0 0
MBP 7350 3834 3184 3335 704 693 664
ZBTB14 3776 1161 1063 999 919 1059 939
ZNF521 4920 6 0 2 0 2 4
ALPK2 7303 8 8 16 17 16 21
RN7SKP72 292 0 1 2 1 0 3
Y_RNA 102 0 0 0 0 0 0
RNU6-349P 107 0 0 0 0 0 0
Y_RNA 97 0 0 0 0 0 1
Y_RNA 106 0 2 1 0 0 0
RNA5SP453 119 0 0 2 0 0 0
SNORA25 127 0 0 0 0 0 0
Y_RNA 105 0 0 0 0 0 0
RNU6-170P 104 0 0 0 0 0 0
U8 134 0 0 0 0 0 0
RNU6-655P 107 0 0 0 0 0 0
U3 215 0 0 0 0 0 0
Y_RNA 102 0 0 0 0 0 0
RNA5SP452 119 0 1 1 0 0 0
SNORA73 205 0 1 2 0 1 0
RNU6-1021P 107 0 0 0 0 0 0
RN7SKP44 316 0 1 2 2 0 0
RNA5SP457 124 0 0 0 0 0 0
RNU5F-3P 117 0 0 0 0 0 0
RNU6-1210P 107 0 0 0 0 0 0
Y_RNA 111 2 0 1 1 2 3
Y_RNA 113 0 0 0 0 0 0
RNU6-324P 106 0 0 0 0 0 0
RNA5SP456 114 0 0 0 0 0 0
RNU6-340P 107 0 0 0 0 0 0
Y_RNA 98 0 1 0 1 0 0
Y_RNA 102 0 3 2 2 4 1
RNU6-219P 107 0 0 0 0 0 0
Y_RNA 112 0 0 0 0 0 0
Y_RNA 93 0 0 0 0 0 0
SNORA73 201 0 0 0 0 0 0
RNU6-1131P 107 0 0 0 0 0 0
RNU6-702P 107 0 0 0 0 0 0
RNA5SP455 119 0 0 0 0 0 0
SNORD58C 64 30 27 27 20 15 27
RNU6-742P 107 0 0 0 0 0 1
Y_RNA 112 0 0 0 0 0 0
RNU6-737P 107 0 0 0 0 0 0
RNU6-443P 107 0 0 0 0 0 0
RNU4-17P 141 0 0 0 0 0 0
SMIM21 4009 0 0 2 0 0 0
C18orf63 5127 0 0 0 0 0 0
DOK6 8890 323 288 303 654 701 645
SERPINB11 1920 0 0 0 0 0 0
SERPINB4 1749 0 0 0 0 0 0
SERPINB5 3389 4273 3780 3682 451 439 469
CTD-2008L17.2 2558 2 0 0 5 13 2
TCEB3B 3050 0 0 0 0 0 0
RAB12 2137 2839 2619 2512 1585 1706 1545
LRRC30 923 0 0 0 0 0 0
TMEM200C 10638 0 0 0 0 0 0
SNORD58A 65 41 34 27 35 24 29
RNU1-109P 147 0 0 0 0 0 0
RNU6-142P 107 2 0 0 0 0 0
RNU6-435P 105 0 0 0 0 0 0
RNU6-116P 109 0 0 0 0 0 0
RNU6-1032P 107 0 0 0 0 0 0
RNU5A-6P 116 0 0 1 0 0 0
Y_RNA 101 0 0 0 0 0 0
RNU6-708P 107 0 0 0 0 0 0
RNU6-167P 106 0 0 0 0 0 0
Y_RNA 117 6 8 2 5 7 3
RNU6-39P 107 0 0 0 1 0 0
Y_RNA 102 1 0 0 0 0 0
RNU1-46P 164 0 0 0 0 0 0
RNU6-1289P 106 0 0 0 0 0 0
SNORA37 129 4 0 0 0 2 0
Y_RNA 114 0 0 0 0 0 0
RNU6-831P 107 0 0 0 0 0 0
MIR122 85 0 0 0 0 0 0
MIR187 109 0 0 0 0 0 0
AP001525.1 72 0 0 0 0 0 0
MIR320C2 50 0 0 0 0 0 0
AP005227.1 83 0 0 0 0 0 0
AC105245.1 87 0 0 0 0 0 0
RNU6-316P 107 0 0 0 0 0 0
RNU6-1242P 103 0 0 0 0 0 0
U3 199 0 0 0 0 0 0
RNU6-903P 109 2 1 0 2 2 2
SNORA48 134 0 0 0 0 0 0
CTAGE1 4315 4 4 0 2 0 1
AP002414.1 1147 0 2 0 0 0 2
RPS2P6 895 6 6 4 2 3 4
ATP5G1P6 412 2 2 7 0 0 0
RP11-53I6.1 388 0 0 0 0 0 0
BOD1P2 481 0 0 0 0 0 0
ZNF407 9103 798 598 610 883 807 880
AC015989.1 81 0 0 0 1 0 0
RPS8P3 622 0 0 0 0 0 0
RPL17-C18orf32 1462 0 0 0 0 0 0
SKOR2 3111 0 0 0 0 0 0
HNRNPA1P7 963 8 5 4 4 5 5
AP005901.1 1181 39 12 18 0 1 2
AC036178.1 91 0 0 0 0 0 0
AC090666.1 71 0 0 0 0 0 0
SNORD23 104 0 0 0 0 0 0
AC090660.1 110 0 0 0 0 0 0
RNU6ATAC20P 127 0 0 0 0 0 0
AC010754.1 92 0 0 0 0 0 0
AC068506.1 86 0 0 0 0 0 0
AC098847.1 81 0 0 0 0 0 0
MIR320C1 88 1 0 1 1 1 1
AC105227.1 108 0 0 0 0 0 0
AC091643.1 93 0 0 0 0 0 0
AC009835.1 81 0 0 0 0 0 0
AP000897.1 115 0 0 0 0 0 0
AC091321.1 96 0 0 0 0 0 0
HMSD 2101 4 6 2 2 0 5
RNU6-721P 105 0 0 0 0 0 0
RN7SKP146 334 0 0 0 0 0 0
RN7SKP26 293 0 0 0 1 1 2
RNU6-1050P 107 0 0 1 0 0 0
Y_RNA 104 0 0 2 0 0 0
AP005138.1 78 0 0 0 0 0 0
RNA5SP451 110 0 0 0 0 0 0
RN7SKP182 298 0 0 0 0 0 0
AC105247.1 78 0 0 0 0 0 0
Y_RNA 108 1 0 0 2 0 0
RNA5SP450 102 0 0 0 1 0 0
RPS26P54 348 0 0 0 0 0 0
OACYLP 2208 2 3 6 1 0 1
AKR1B1P6 839 0 0 0 0 0 0
AC011225.1 369 0 0 0 0 0 0
HSBP1L1 771 628 626 561 415 429 449
RP11-267C16.1 12891 0 0 0 0 2 0
AC015933.2 440 0 0 0 7 1 1
BOD1L2 3239 0 0 0 0 0 0
AC012123.1 1661 0 0 0 0 0 0
WBP2P1 771 0 0 0 0 0 0
THEMIS3P 1586 0 0 0 0 0 0
RSL24D1P11 491 4 2 0 5 6 2
C18orf42 711 0 0 0 0 0 0
TCEB3CL 1877 0 0 0 0 0 0
HMGN1P30 268 0 0 2 2 0 0
FAUP1 414 10 8 4 8 8 4
KATNBL1P3 909 2 0 2 0 0 2
RPL6P27 872 429 396 354 344 306 380
AC100848.1 637 0 0 0 0 0 0
SLC35G4 1017 0 0 0 0 0 0
RPL12P39 496 0 0 0 2 0 0
snoU13 102 0 0 0 0 0 0
RNU7-145P 62 0 0 0 0 0 0
snoU13 104 0 0 0 0 0 0
snoU13 90 0 1 0 0 0 2
snoU13 104 0 0 0 0 0 0
snoU13 103 5 3 0 0 1 0
snoU109 135 0 0 0 0 1 1
RNU6-1037P 107 0 0 0 0 0 0
snoU13 104 0 0 0 0 0 0
snoU13 91 2 1 2 0 0 1
snoU13 102 0 0 0 0 0 0
snoU13 102 0 0 0 0 0 0
snoU13 103 0 0 0 0 0 1
snoU13 77 0 0 0 0 0 0
snoU13 103 0 0 0 0 0 0
snoU13 101 1 3 6 4 1 2
AP001178.1 93 0 0 0 0 0 0
RN7SL342P 292 0 0 0 0 0 0
RPS4XP18 763 2 0 0 0 0 0
RPL9P31 578 0 0 0 0 0 0
RP11-322E11.1 672 0 0 0 0 0 0
RPL17P46 544 0 0 0 0 0 0
RN7SL795P 279 0 0 0 0 0 0
RPLP0P11 909 0 0 0 0 0 0
RPL31P59 332 0 0 0 0 0 0
RN7SL310P 279 0 0 0 0 0 0
RN7SL695P 293 4 2 9 5 0 0
RP11-742D12.1 249 0 0 0 0 0 0
RPL17P44 550 0 1 0 0 0 0
RN7SL39P 296 0 0 0 0 0 0
RN7SL401P 295 0 0 0 0 0 0
RPS4XP19 736 9 14 16 1 2 0
RPS3AP49 790 12 12 6 8 10 4
RN7SL745P 294 2 0 0 0 0 0
RN7SL97P 297 0 0 0 0 0 0
RPL21P126 478 0 0 0 0 0 0
SERPINB10 2122 0 0 0 2 0 0
RN7SL862P 296 1 0 0 2 3 0
RN7SL362P 269 0 0 0 0 0 0
RPL29P32 472 0 0 0 0 0 0
RN7SL233P 275 0 0 0 0 0 0
RN7SL50P 296 0 0 0 0 0 0
RPL30P14 348 0 0 2 0 2 0
RP11-268I9.1 348 2 0 2 0 0 0
RP11-57G22.1 248 0 0 0 0 0 0
RPL12P40 488 0 0 0 2 0 0
RN7SL705P 292 0 0 0 0 0 0
RN7SL282P 296 0 0 0 0 0 0
RPL21P127 477 0 0 0 0 0 2
RP11-681N23.1 321 6 16 8 0 8 4
RN7SL551P 296 0 0 0 0 0 0
RPS24P18 388 0 0 0 0 0 0
RPL26P35 460 0 2 1 2 2 0
UBA52P9 359 0 0 0 0 0 0
RP11-254G11.1 480 30 16 6 4 10 16
GAPDHP66 967 0 0 0 0 0 0
RNU6-857P 110 0 0 0 0 0 0
RNU6-408P 100 0 0 0 0 0 0
RNU2-69P 100 0 1 1 0 1 3
RNU6-120P 103 0 0 0 0 0 0
RNU6-916P 109 0 0 0 0 0 0
RNU7-129P 62 0 4 0 0 0 0
RNU6-1278P 107 0 0 1 0 0 0
SCARNA17 144 0 0 0 2 2 1
RNU2-27P 142 20 11 12 9 11 10
RNA5SP458 119 0 0 0 0 0 0
Y_RNA 96 0 0 0 0 0 0
SNORD112 72 0 0 0 0 0 0
RNU6-346P 111 0 0 0 0 0 0
SCARNA18 83 0 0 0 0 2 0
AC006557.1 109 3 2 6 1 2 4
SNORA70 133 0 0 0 0 0 0
RNA5SP461 104 0 0 0 0 0 0
SNORD28 68 0 0 0 0 0 0
Y_RNA 99 0 0 0 0 0 0
RNU6-1038P 104 0 0 0 0 0 0
AC105105.1 65 0 0 0 0 0 0
RNU7-25P 62 0 0 0 0 0 0
RNU6-1002P 90 0 0 0 0 1 0
AP001032.1 106 0 0 0 0 0 0
RNA5SP459 100 0 0 0 0 0 0
RNU6-567P 107 0 0 0 0 0 0
SNORD112 72 0 0 0 0 0 0
snR65 85 0 0 0 0 0 0
RNA5SP460 100 0 0 0 0 0 0
SNORA81 170 0 0 0 0 0 2
RNA5SP449 130 1 0 0 0 1 0
RNU7-146P 53 0 0 0 0 0 0
AC090206.1 85 0 0 0 0 0 0
U3 141 0 0 0 0 0 0
AC010928.1 82 0 0 0 0 0 0
RNU7-191P 60 0 0 0 0 0 0
RNU6-706P 104 0 0 0 0 0 0
RNA5SP454 127 0 0 0 0 0 0
CHMP1B 3054 3543 3342 3193 2537 2560 2436
SALL3 6947 66 40 45 80 63 70
RP11-815J4.6 3423 0 8 4 0 0 8
SDCCAG3P1 1150 0 0 0 2 0 0
ZNF271P 1970 790 608 653 707 674 842
NPIPB1P 1133 0 2 0 4 4 3
LINC-ROR 2603 0 0 0 0 0 0
RP11-838N2.3 404 0 0 0 0 0 0
RP11-231E4.2 2339 0 0 0 0 0 0
RP11-672L10.1 861 0 0 0 0 0 0
RP11-549B18.1 1169 47 26 31 25 20 30
RP11-973H7.1 1273 127 92 87 112 97 100
AQP4-AS1 6284 5 5 8 2 3 5
WBP11P1 2972 8 2 0 0 4 2
RP11-202D1.2 1037 0 0 0 2 1 0
LINC01544 5168 0 0 0 0 0 0
RP11-723G8.1 613 0 0 0 0 0 0
RP11-49I11.1 609 8 2 5 0 3 2
RP11-669I1.1 1463 0 0 0 0 0 0
CTD-2541J13.1 3176 6 6 8 6 6 12
LINC01541 3105 0 0 0 0 4 6
RP11-421N8.1 442 14 14 4 10 14 14
RP11-677O4.2 3710 0 0 0 0 0 0
RP11-856M7.1 3566 0 0 0 0 0 0
LINC01254 3225 0 0 0 0 0 0
LINC01416 2310 0 0 0 0 0 0
RP11-795F19.1 6428 92 80 84 170 154 121
RP11-704C2.1 1903 0 0 0 0 0 0
RP11-157P23.2 545 0 0 0 0 0 0
DLGAP1-AS5 2594 0 0 0 0 0 0
RP11-408H20.1 554 0 0 0 0 0 0
RP11-91I8.1 508 0 0 0 0 0 0
LINC01477 1226 0 0 0 0 0 0
MIR3976HG 1690 0 0 0 0 0 0
CTD-2354A18.1 1615 0 0 0 0 0 4
DLGAP1-AS2 3171 812 623 653 299 334 324
IL9RP4 1248 0 0 0 0 0 0
FAM166AP6 763 0 0 0 0 0 0
AP005530.1 920 0 0 0 2 0 0
AC021224.1 857 0 1 0 0 0 0
ROCK1P1 2457 130 116 91 35 42 30
RP11-849I19.1 1256 0 0 0 0 0 0
AP005530.2 567 0 0 0 0 2 0
MIR5011 103 0 0 0 0 0 0
AKR1B10P2 927 0 0 0 0 0 0
RP11-552O4.1 640 0 0 0 0 0 0
RP11-53I6.4 553 2 7 5 6 2 9
RP11-288C17.3 292 11 5 17 2 5 6
PA2G4P3 1144 2 0 0 0 0 0
GTSCR1 470 0 0 0 0 0 0
CTD-2541J13.2 3289 0 0 0 0 0 0
RP11-202D1.3 1076 0 0 1 0 0 0
RP11-680N20.1 558 0 0 0 0 0 0
BOD1P1 436 1 0 2 1 0 0
RP11-78F17.3 872 3 2 1 1 1 5
MIR4526 87 0 0 0 0 0 0
RP11-1O2.1 2794 0 0 0 0 0 0
RP11-78F17.1 886 21 26 19 14 19 15
RP11-449D8.2 577 0 0 0 0 0 0
RP11-595B24.2 453 0 0 0 0 0 0
RP11-28O3.2 288 0 0 0 0 0 0
RP11-737O24.3 1341 11 4 7 5 4 5
RP11-612A1.1 439 0 0 0 0 0 0
RP11-527H14.4 916 0 0 0 0 0 0
RP11-389J22.3 312 0 0 0 0 0 0
PPP4R1-AS1 379 17 15 12 4 12 18
AP005271.1 98 0 0 0 0 0 0
RP11-805F19.2 467 0 0 0 0 3 0
RP11-106E15.1 302 7 1 4 1 1 5
RP11-25L3.3 493 0 0 0 0 0 0
RP11-17A19.2 358 0 0 0 0 0 0
RP11-93H10.1 1647 0 0 0 0 0 0
RP11-386P4.1 264 0 0 0 0 0 0
RP11-408H20.3 1039 0 0 0 0 0 0
RP11-169F17.1 6213 1060 980 906 618 609 654
SLC25A51P2 889 0 0 0 0 0 2
RP11-389J22.1 792 0 0 0 0 0 0
DLGAP1-AS3 1258 0 0 0 2 2 0
RP11-806L2.5 268 10 5 8 5 6 5
RP11-47G4.1 1018 0 0 0 0 0 0
RP11-161I6.2 1717 7 4 15 24 24 20
EXOGP1 997 0 0 0 0 0 0
MIR548AV 62 0 0 0 0 0 0
LINC00667 5507 1315 1104 1157 1093 1165 1254
RP11-746B8.1 1377 0 0 2 1 4 2
RP11-549B18.3 355 0 0 0 0 0 0
RP11-146G7.2 544 0 0 0 0 0 0
LINC00908 2242 4 1 2 0 0 0
RP11-527H14.1 1101 0 2 0 0 0 0
RP11-326K13.4 1582 7 14 11 8 14 0
AP005118.1 124 0 0 0 0 0 0
FAM60BP 658 0 0 0 0 0 2
CIAPIN1P 931 2 4 4 4 1 2
RP11-143J12.3 544 126 78 103 79 71 67
MIR4744 82 1 0 0 0 0 0
LINC01543 900 0 2 4 0 0 1
AC007948.1 242 0 0 0 0 0 0
hsa-mir-4528 90 0 0 0 0 0 0
DLGAP1-AS4 757 0 0 0 0 0 0
RP11-705O1.8 2131 43 14 18 10 14 17
RP11-110H1.9 332 0 2 0 0 0 0
RP11-344B2.3 468 2 0 0 0 0 0
RP11-110H1.4 483 5 3 7 1 10 14
RP11-53I6.2 565 0 0 0 0 0 0
RP11-210K20.2 348 1 0 0 1 0 4
TOMM20P3 389 0 0 0 0 0 0
RP11-513M1.1 800 0 0 0 0 0 0
RP11-676J15.1 457 2 0 0 0 0 0
RP11-789C17.5 193 0 0 0 0 0 0
RP11-504I13.3 398 6 11 5 4 2 9
RP11-286N3.2 456 0 0 0 0 0 0
RP11-627G18.2 359 2 1 0 2 4 2
RP11-176N18.2 562 0 0 0 0 0 0
RP11-29O13.1 331 0 0 0 0 0 0
RPL31P9 141 0 0 0 0 0 0
AC013558.1 101 0 0 0 0 0 0
FGF7P1 288 0 0 0 0 0 0
RP11-856M7.4 422 0 0 0 0 0 0
CTD-2015H3.1 574 29 48 20 27 19 35
RP11-638L3.4 2484 0 0 0 0 0 0
RP11-357H3.1 211 0 0 0 0 0 0
RP11-321M21.3 715 0 0 0 0 0 0
SCML2P1 1100 0 0 0 0 0 0
AC007631.1 189 0 0 0 0 0 0
RP11-268I9.3 417 0 0 0 0 0 0
RP11-715F3.1 429 0 0 2 0 0 0
RP11-739N10.1 2551 6 6 10 9 5 3
RP11-672L10.5 520 0 0 5 0 0 0
AC091038.1 100 0 0 0 0 0 0
SNRPCP4 427 0 0 0 0 0 0
RP11-13N13.5 336 5 4 4 0 3 4
CTD-2533G20.1 997 0 0 0 0 0 0
RP11-737G21.1 253 0 0 0 0 0 0
RP11-94B19.3 922 0 0 0 0 0 0
RP11-757O6.1 566 0 0 0 3 7 1
RP11-453M23.1 559 0 0 0 0 2 0
RP13-270P17.1 1035 13 10 8 7 4 12
RP11-861L17.2 658 0 0 0 0 0 0
RP11-138C24.2 208 0 0 0 0 0 0
LINC00909 3463 244 202 242 234 238 255
CTD-3096M3.1 471 0 0 0 0 1 0
RP11-94B19.1 479 0 0 0 0 0 0
RP11-671P2.1 457 1 2 2 1 2 5
RP11-14P20.1 500 0 0 0 0 0 0
RP11-15F12.1 659 3 11 7 3 6 5
RP11-162A12.2 1295 12 12 19 13 8 21
RP11-268I9.4 292 0 0 0 0 0 0
RP11-116K4.1 445 0 2 1 1 0 1
LINC01444 1336 72 49 30 10 7 6
CCDC58P1 430 2 2 0 0 2 0
HNRNPA1P11 956 0 0 0 0 0 0
RP11-671C19.2 788 0 0 0 0 0 0
RP11-769O8.2 464 0 0 0 0 0 0
RP11-231E4.3 331 0 0 0 0 0 0
RP11-958F21.1 487 0 0 0 0 0 0
SNRPGP2 226 346 307 335 130 147 176
RP11-621L6.2 567 1 1 1 6 2 0
RP11-752P2.1 348 0 0 0 0 0 0
AC113195.1 78 0 0 0 0 0 0
CTD-2006O16.2 468 0 0 0 0 0 0
SDHCP1 512 0 0 0 0 0 0
RP11-945C19.4 675 0 0 0 0 0 0
RP11-110H1.8 2190 0 0 0 0 0 0
RP11-861L17.3 559 0 0 0 0 2 2
RP11-76K13.3 607 0 0 0 0 0 0
RP11-856M7.7 145 0 0 0 0 0 0
RP11-720L2.4 548 0 0 0 0 0 0
RP11-61D1.2 130 4 1 3 0 0 0
SNX19P3 2975 2 0 0 0 0 4
MIR4529 78 0 0 0 0 0 0
LINC00526 1875 240 172 180 136 130 145
RP11-784B15.1 986 0 0 0 0 0 0
RP11-94B19.5 594 0 0 0 0 1 4
RP11-678G15.1 1613 0 0 0 0 2 0
RP11-659F24.1 440 4 4 1 1 0 0
RP11-769O8.3 1605 14 8 13 14 19 13
KRT18P8 1246 6 12 2 2 2 0
PRPF19P1 898 0 0 0 0 0 0
RP11-63N3.1 661 0 0 0 0 0 0
RP11-178F10.2 459 0 0 0 0 0 0
RP11-585K6.2 154 0 0 0 0 0 0
RP11-421N8.2 496 0 0 0 0 0 0
RP11-674P19.2 2074 2 0 0 7 2 10
L3MBTL4-AS1 2044 0 0 0 0 0 0
RP11-21G15.1 3016 0 0 1 0 0 0
BDP1P 1990 0 0 0 0 2 1
TTC39C-AS1 817 10 1 5 24 17 13
PPIAP14 496 0 0 0 0 0 0
RP11-26N15.2 922 0 0 0 1 1 3
AC098848.1 103 0 0 0 0 0 0
MIR4741 90 0 0 0 0 0 0
RP11-627G18.4 366 0 0 0 0 0 0
RP11-856M7.2 823 0 0 0 0 0 0
RP11-465I4.3 612 0 0 0 1 0 0
DSG2-AS1 2024 9 9 8 7 4 2
RP11-526H11.1 346 0 0 0 0 0 0
RP11-138E9.2 928 0 0 0 2 0 0
RP11-805F19.1 525 0 0 0 1 0 0
RP11-107K17.2 658 0 0 0 0 0 0
RP11-799B12.2 507 0 1 0 3 6 2
RP11-888D10.3 466 78 78 80 25 22 20
PRR13P4 421 0 2 0 0 0 0
RP11-344B2.2 772 0 0 0 0 0 0
RP11-53I6.3 473 3 5 1 2 0 2
RP11-454P7.3 467 0 0 0 0 0 0
PMM2P1 730 0 0 0 0 0 0
AC009831.1 85 0 0 1 0 0 0
RP11-781P6.1 2295 0 0 0 0 0 0
RP11-835E18.5 977 2 2 0 0 0 0
RP11-178F10.1 281 0 3 0 2 5 0
RBM22P1 1214 0 0 0 0 0 0
CTD-2382H12.1 523 0 0 0 0 0 0
RP11-15F12.3 502 0 0 0 0 0 0
MIR133A1HG 4226 5 13 1 7 2 5
LRRC37A7P 2759 2 1 2 2 0 0
CTD-2124B20.3 658 0 0 0 0 0 0
RP11-672L10.2 3902 0 0 0 0 0 0
SRP72P1 1750 4 0 3 0 0 2
RP11-835E18.4 913 0 0 0 0 0 0
AC090324.1 101 0 0 0 0 0 0
RP11-403A21.3 564 0 1 0 2 0 2
RP11-775G23.1 852 0 2 0 0 0 0
RN7SL112P 309 0 0 0 0 2 0
RP11-638L3.2 1297 0 0 0 0 0 0
IGLJCOR18 424 0 0 0 0 0 0
RP11-21J18.1 914 0 0 0 0 0 0
RN7SL247P 282 0 0 0 0 0 0
RP11-162A12.3 2747 0 0 0 0 0 0
PGDP1 1441 4 0 2 4 0 2
CLUHP6 941 2 0 2 1 1 0
FEM1AP2 1997 0 2 0 2 0 0
RP11-286N3.1 578 0 0 0 0 0 0
OR4K7P 945 0 6 0 0 0 0
RP11-723G8.2 1101 0 0 0 0 0 0
PCAT18 2598 0 0 0 0 0 0
RP11-57J16.1 555 0 0 0 0 0 2
RP11-123I22.1 397 0 0 0 0 0 0
RP11-126K15.1 555 0 0 0 0 0 0
RP13-270P17.2 1771 34 35 31 21 37 6
RSL24D1P9 472 0 0 0 0 0 0
RP11-789C17.1 2315 11 12 8 16 19 28
RP11-288C17.1 1105 234 199 195 230 233 289
RP11-128D14.1 755 0 0 0 0 0 0
RP11-757O6.4 510 2 2 0 0 0 2
RP11-28O3.1 318 0 0 0 0 0 0
RP11-720L2.2 454 0 0 0 0 0 0
AP006564.1 79 0 0 0 0 0 0
RP11-47G4.2 567 0 0 0 0 0 0
RP11-449D8.1 2321 0 0 0 0 0 0
RP11-793A3.1 244 0 0 0 0 0 0
RP11-806L2.6 326 9 14 6 12 23 13
MIR1539 582 9 5 3 3 3 2
MIR3156-2 77 0 0 0 0 0 0
RP11-92G19.2 815 0 0 0 0 0 0
RP11-638L3.1 2991 2 0 0 0 0 2
RP11-183C12.1 229 4 6 0 2 0 0
RP11-958F21.3 663 0 0 0 0 0 0
RP11-419J16.1 412 1 0 3 4 4 2
RP11-638L3.3 2149 0 0 0 0 0 0
PIGPP4 307 0 0 0 0 0 0
AC091043.1 83 0 0 0 0 0 0
RP11-713C5.1 2206 0 0 0 0 0 0
AC091042.1 101 0 0 0 0 0 0
AC139085.2 182 2 0 4 0 0 4
RN7SL723P 275 0 0 0 0 0 0
BNIP3P3 569 0 2 2 0 0 0
RP11-529J17.1 847 0 0 0 0 0 0
MIR3929 55 0 0 0 0 0 0
RP11-465I4.2 432 0 2 0 0 1 0
RP11-451L19.1 573 0 0 0 0 0 0
RP11-13N13.6 447 3 8 10 1 4 2
RP11-25I11.1 387 0 0 0 0 0 0
RP11-672L10.3 351 0 0 0 0 0 0
RPL17 1143 487 430 406 242 272 271
LARP7P3 337 0 0 0 0 0 0
RP11-440L16.1 685 0 0 0 0 0 0
RP11-94B19.7 598 6 13 5 15 21 17
RP11-883A18.3 855 20 7 4 13 8 22
AC090349.1 105 0 0 0 0 0 0
RP11-1157N2__B.2 586 0 0 0 0 0 1
RP11-799B12.4 735 2 2 4 12 4 8
RP11-296E23.1 679 0 0 0 0 0 0
RP11-403A21.1 1061 4 7 0 4 6 17
RP11-595B24.1 861 0 0 0 0 0 0
CXADRP3 1955 24 17 18 17 15 10
RP11-17M16.2 1200 42 31 16 26 8 32
RP11-384E22.1 374 0 0 0 0 0 0
RP11-527H14.6 499 0 0 0 0 0 0
CYP4F35P 2876 0 2 0 0 0 0
CCND3P2 537 0 0 0 0 0 0
LINC01029 1831 0 0 0 0 0 0
RP11-751H17.1 560 0 0 0 0 0 0
DSCAS 553 2 0 0 2 0 1
RN7SL537P 282 0 0 0 0 0 0
RP11-737O24.2 673 5 3 1 4 5 1
LINC00668 4442 0 0 0 0 0 0
ARL2BPP1 478 0 0 0 0 0 0
RP11-563H6.1 173 4 6 6 10 2 6
UBE2CP2 510 5 4 6 10 3 0
RP11-739L10.1 570 4 0 1 0 1 0
LINC01387 603 0 0 0 0 0 0
RP11-752P2.2 378 0 0 0 0 0 0
RP11-296E23.2 361 0 0 0 2 0 0
MIR4319 85 0 0 0 0 0 0
GACAT2 818 8 6 5 5 4 3
CTD-2515C13.2 471 7 3 3 3 0 0
RP11-699A5.2 428 0 0 0 0 0 4
RP11-510D21.1 429 0 0 0 0 0 0
RP11-736G13.1 287 0 0 0 0 0 0
RP11-267C16.2 1347 0 0 0 0 0 0
GATA6-AS1 1823 24 30 20 45 29 38
RP11-94B19.2 391 0 2 5 2 0 5
RP11-703M24.5 1049 0 0 0 0 0 0
NDUFV2-AS1 1432 47 52 40 41 44 43
CTD-2124B20.2 567 0 0 0 0 0 0
RP11-243E13.2 472 0 0 0 0 0 0
RP11-326K13.2 586 0 0 0 0 0 0
ZNF415P1 1166 0 0 0 2 0 0
RHOT1P1 324 0 0 0 0 2 0
MIR5190 80 0 0 0 0 0 0
MIR5583-1 59 0 0 0 0 0 0
RP11-789C17.3 616 0 0 0 0 0 0
RP11-190I17.2 547 0 0 0 0 0 0
RP11-769O8.1 1714 12 15 13 13 16 21
EIF4A3P1 647 0 0 0 0 0 0
RP11-552O4.2 913 0 0 0 0 0 0
RP11-675P14.1 572 0 0 0 0 0 0
SS18L2P2 235 0 0 0 0 0 0
RP11-100K18.1 2727 0 0 0 0 0 0
NPM1P2 867 0 0 0 0 0 0
RP11-25D3.1 839 0 0 0 0 0 0
GRAMD4P7 1232 39 32 28 11 16 15
COX6CP3 223 0 0 1 1 0 2
LINC00683 4928 0 0 0 0 0 0
RP11-41O4.1 815 7 11 5 0 10 0
RP11-172F10.1 561 0 2 0 0 0 0
RP11-715C4.1 399 0 0 0 0 0 0
MIR4743 69 0 0 0 0 0 0
RP11-41O4.2 2637 35 31 53 44 21 33
RP11-627G18.1 770 4 2 2 3 1 0
CTD-3096M3.2 463 0 0 0 0 0 0
ARIH2P1 1477 0 0 2 2 2 0
RP11-484N16.1 384 6 0 2 1 0 0
RP11-111H3.3 712 0 0 0 0 0 0
RP11-25O3.1 714 0 0 0 0 0 0
RP11-710M11.1 586 4 3 1 2 2 1
RP11-737O24.1 568 0 1 1 0 0 0
RP11-874J12.4 1455 39 21 29 9 10 4
CBX3P2 1429 117 115 78 67 82 74
RP11-91I8.3 491 0 0 0 0 0 0
CTD-2015H3.2 505 8 10 12 5 7 10
RP11-806L2.2 2106 38 34 25 28 24 32
RP11-173L6.1 597 0 0 0 0 0 0
RP11-856M7.8 159 0 0 0 0 0 0
CTD-2515C13.1 244 2 3 2 0 2 0
RP11-178F10.3 543 0 0 0 0 0 0
RP11-17J14.2 389 0 0 0 0 0 0
RP11-874J12.3 557 0 0 0 0 0 0
RAC1P1 580 0 0 0 0 0 0
RP11-650P15.1 433 4 2 2 0 0 4
RP11-805F19.4 1175 2 4 0 2 4 2
MIR4318 81 0 0 0 0 0 0
RP11-881L2.1 534 2 4 1 2 4 9
RN7SL662P 281 0 0 0 0 0 0
RP11-526I8.2 358 0 0 0 0 0 0
LINC01443 1854 10 15 13 8 10 2
RP11-449D8.5 829 0 0 0 0 0 0
BOLA2P1 232 0 0 0 0 0 0
RP11-838N2.5 864 4 8 0 0 0 0
MIR4527 70 0 0 0 0 0 0
CTD-2382H12.2 179 0 0 0 0 0 0
RP11-476K15.1 826 100 81 82 53 53 51
RP11-856M7.6 860 0 0 0 0 0 0
LONRF2P1 668 0 3 4 0 0 2
AP001010.1 52 0 0 0 0 0 0
RFWD2P1 2176 0 0 0 0 0 0
RP11-94B19.4 462 0 0 0 0 0 0
AC090340.1 60 0 0 0 0 0 0
OR4K8P 1048 0 0 0 0 0 0
RP11-30L3.2 472 0 0 0 0 0 0
RP11-661O13.1 780 16 21 12 10 6 10
DSG1-AS1 919 0 0 0 0 0 1
RP11-94B19.6 464 0 0 0 0 2 0
RP11-678G15.2 1737 0 0 0 0 0 0
RP11-321M21.1 748 0 0 0 0 0 0
RP11-715F3.2 1049 25 11 23 26 23 21
RP11-61L19.1 3485 4 4 2 1 2 2
RP11-449D8.3 248 0 0 0 0 0 0
RP11-454P7.1 1796 0 0 0 0 0 0
GAPLINC 1051 2 0 0 21 33 51
RP11-543H23.2 483 0 0 0 1 0 0
RP11-862L9.3 1861 9 7 5 6 4 3
RP11-793A3.2 544 0 0 0 0 0 0
RP11-370A5.1 1048 1 0 1 0 2 0
RP11-692N5.2 368 2 3 2 4 2 0
RP11-173A16.2 1603 0 0 0 0 8 0
RP11-567M16.5 474 0 0 0 0 0 0
RP11-1058N17.1 352 2 0 0 0 1 0
SLC25A6P4 553 0 0 1 0 0 1
MRPS5P4 325 0 0 0 0 0 0
ACTBP9 1099 6 4 6 2 0 6
RP11-154H12.2 636 0 0 0 0 0 0
MRPL37P1 1337 0 2 0 0 0 0
LINC01538 2408 0 0 0 0 0 0
RP11-701H16.4 538 0 0 0 0 0 0
RP11-820I16.3 528 7 3 2 2 1 2
RP11-49K24.4 200 5 4 9 13 17 9
RP11-973H7.5 310 4 0 2 3 8 2
RP11-712P20.2 1699 0 0 0 2 1 0
RP11-116O18.1 1785 0 0 0 0 0 0
RP11-773H22.4 474 0 1 4 1 5 1
POLR3GP2 668 0 0 0 0 0 0
RP11-749H17.1 2435 0 0 0 0 0 0
RP11-703I16.3 200 0 1 0 0 0 0
RP11-886H22.1 936 0 0 0 0 0 0
RP11-27G24.3 487 0 0 0 0 1 0
CTD-2171N6.1 3067 0 0 0 30 24 34
RP11-800A18.4 502 2 0 0 0 0 0
TCF4-AS1 396 0 0 0 0 0 0
RP11-807E13.2 1053 0 0 0 0 0 0
RP11-1096D5.2 316 0 0 0 0 0 0
RP11-58G13.1 688 0 0 0 0 0 2
RP11-35G9.3 1954 12 6 11 9 5 7
RP11-128P17.2 810 0 1 0 2 2 3
RP11-456O19.2 950 0 0 0 0 0 0
RP11-760L24.1 546 0 0 0 0 0 0
RP11-866E20.1 489 0 0 0 0 0 0
RP11-64C12.8 733 0 0 0 0 0 0
CCDC58P3 430 0 2 4 2 0 2
RP11-820I16.1 379 3 9 14 2 3 10
RP11-115N12.1 441 2 0 2 0 4 0
SLC14A2-AS1 1045 0 0 0 0 0 0
RP11-325K19.1 558 0 0 0 0 0 0
RP11-846C15.2 993 0 0 0 0 0 0
RP11-861E21.1 168 12 13 13 6 7 8
RP11-839G9.1 567 6 3 5 1 1 1
RP11-64C12.7 732 0 0 0 0 0 2
RP11-795F19.5 2218 3 6 6 10 4 8
RP11-146N18.1 1722 0 0 0 0 0 0
RP11-53B2.3 4745 0 0 0 0 0 0
RP11-322E11.6 455 2 1 5 0 0 0
RP11-677O4.6 296 1 0 4 0 0 0
RP11-383D22.1 581 0 0 0 0 0 0
RP11-411B10.2 1085 8 9 16 9 10 15
CTBP2P3 1255 0 0 0 0 0 0
TPMTP1 737 0 2 0 0 2 0
SDHDP1 474 0 2 0 0 0 2
RP11-78A19.3 553 0 0 0 0 0 0
RP11-397A16.3 2593 0 0 0 0 0 2
RP11-879F14.1 1121 0 2 0 0 0 0
RP11-756J15.3 228 0 0 0 0 0 0
RP11-767C4.1 571 0 0 0 0 0 0
RP11-116O18.3 731 2 2 0 0 0 2
RP11-813F20.4 375 0 1 0 0 0 0
RP11-861E21.2 5428 106 72 83 44 64 65
RP11-797E24.3 810 0 0 0 0 0 0
RP11-693L9.2 369 0 0 0 0 0 0
RP11-685A21.1 911 0 0 0 0 0 0
WDR7-OT1 565 0 0 0 0 0 2
RP11-126O1.5 1209 145 96 102 25 27 20
RP11-49K24.6 561 0 0 0 0 0 0
HNRNPA3P16 1016 0 0 0 0 0 0
RP11-794M8.1 1852 0 0 0 0 0 0
RP11-64C12.6 485 0 0 0 0 0 0
RP11-973H7.3 720 3 20 5 4 13 3
AC139100.3 2035 9 12 7 11 13 18
LINC01255 1598 0 0 0 0 0 0
RP11-1151B14.4 2553 0 0 0 0 0 0
RP11-2N1.1 542 0 0 0 0 0 0
PARD6G-AS1 3736 197 175 101 163 157 141
RP11-879F14.2 1199 64 74 65 96 100 98
RP11-397A16.1 1231 1 0 2 1 1 7
RP11-794M8.2 466 0 0 0 0 0 0
RP11-567M16.1 4167 0 0 0 2 0 0
RP11-703I16.2 364 0 0 0 0 0 0
RP11-8H2.1 1524 2 0 0 1 0 2
RPL23AP77 463 0 0 2 2 0 0
RP11-99A1.2 1100 5 13 2 2 4 2
KC6 4394 157 157 185 217 217 207
RP11-879F14.3 604 6 7 3 7 1 3
SNHG22 2212 16 8 11 2 3 3
RP11-411B10.5 1240 0 0 0 0 0 0
LINC01415 4071 0 0 0 0 2 0
CTD-2008L17.1 949 0 2 0 3 0 0
ASNSP6 1618 0 0 0 0 0 0
EIF4A2P1 1063 2 2 0 2 0 4
LINC01478 2068 0 0 0 0 0 0
RP11-640A1.3 324 0 0 0 0 0 0
RP11-749H17.2 726 0 0 0 0 0 0
RP11-411B10.3 517 0 0 0 0 0 0
RP11-53B2.5 487 0 0 0 0 0 0
RP11-712C7.2 482 0 0 0 0 0 0
RP11-244M2.1 2306 373 434 355 171 162 185
RP11-325K19.2 1692 0 0 0 0 0 0
RP11-635N19.1 785 8 12 6 10 9 9
RP11-1151B14.3 4521 0 0 0 0 0 0
RP11-691H4.3 480 0 0 0 0 0 0
RP11-845C23.3 768 0 0 0 0 0 0
RP11-873E20.1 1609 4 2 2 8 4 0
RP11-456O19.5 552 0 0 0 3 8 1
RP11-325K19.3 287 0 0 0 0 0 0
RP11-396N11.1 419 0 0 0 0 0 0
TCF4-AS2 445 0 0 0 0 0 0
RP11-49I11.2 1026 6 10 7 2 1 6
RP11-567M16.2 585 0 0 0 0 0 0
RP11-636O21.1 1115 0 0 0 2 0 2
RP11-456K23.1 2065 0 0 0 0 0 0
RP11-128P17.1 504 0 0 0 0 0 0
RP11-289E15.1 307 0 0 0 0 0 0
RP11-635N19.2 1153 0 0 0 2 4 0
SMUG1P1 811 0 0 0 0 0 0
RP11-78A19.2 568 0 0 0 0 0 0
RP11-49I11.3 385 0 2 1 4 2 4
RP11-866E20.3 1762 0 0 0 0 0 1
RP11-126O1.4 670 2 0 6 0 0 0
RP11-815J4.5 1468 0 0 0 0 0 0
RP11-703I16.1 527 72 56 50 23 19 23
GLUD1P4 418 0 0 0 0 0 0
RP11-640A1.4 259 0 0 0 0 0 0
NFE2L3P1 1959 0 0 0 2 0 0
RP11-108P20.2 740 0 0 0 0 2 0
RP11-53B2.4 665 0 0 0 0 0 0
RP11-845C23.2 1101 0 0 2 0 0 4
ADAD1P2 646 0 0 0 0 0 0
RP11-622J9.1 304 0 0 0 0 0 0
RP11-861E21.3 596 2 1 0 0 0 0
RPSAP57 832 1 0 0 0 2 0
RP11-53B2.1 570 0 0 0 0 0 0
RP11-815J4.7 1148 0 0 4 0 0 0
MTCO2P2 225 231 176 96 118 142 156
RP11-618K16.4 141 0 0 0 0 0 0
RP11-173A16.1 637 11 11 6 8 1 9
RP11-128P17.3 279 0 0 0 0 0 0
STK25P1 838 0 0 0 0 0 0
KRT8P5 1458 2 0 0 0 0 0
RP11-126O1.2 335 0 0 0 2 0 0
RP11-322E11.5 697 0 0 0 0 0 2
RP11-115P21.1 537 0 0 0 0 0 0
LINC00907 8806 4 1 1 13 10 2
RP11-687F6.4 621 0 0 0 0 0 1
RP11-689E3.2 421 0 0 0 0 0 0
RP11-108P20.4 478 0 1 0 0 1 0
RPIAP1 742 0 0 0 0 0 0
RP11-795H16.2 1618 0 0 0 2 0 1
RP11-905K4.1 731 0 2 2 0 0 2
RP11-1136J12.1 728 2 0 0 0 0 1
RP11-258B16.1 2492 0 0 0 0 0 0
RP11-64C12.4 422 0 0 0 0 0 0
MAP1LC3P 330 0 0 0 0 0 0
RP11-95O2.1 2124 16 4 4 17 8 17
RP11-188I24.1 234 0 0 0 0 0 0
RP11-973H7.4 569 114 93 84 105 81 82
CTD-2286N8.2 714 22 4 13 17 16 20
RP11-807E13.3 710 0 0 0 4 0 2
RP11-820I16.2 329 4 1 1 2 1 2
RP11-64C12.9 467 0 0 0 0 0 0
RPL17P45 509 0 0 0 0 0 0
RP11-824M15.3 1114 0 2 2 0 2 2
RP11-813F20.2 340 0 0 0 0 0 0
RP11-1151B14.2 646 0 0 0 0 0 0
RP11-27G24.1 417 3 2 1 5 0 0
RP11-795H16.3 571 0 0 0 0 0 0
RP11-325K19.6 541 0 0 0 0 0 0
LDLRAD4-AS1 2190 0 0 0 0 0 0
RP11-691H4.4 498 0 0 0 0 0 0
RP11-1030E3.1 438 0 0 0 0 0 0
RP11-729L2.2 1228 10 3 10 10 9 9
RP11-53B2.2 4215 0 0 0 0 0 0
FRG2LP 1563 0 0 0 0 0 2
RP11-108P20.3 625 0 0 0 0 0 0
RP11-95O2.5 701 11 11 4 10 32 22
LINC01539 2861 0 0 0 0 0 0
RP11-10I6.2 398 0 0 0 0 0 0
AC083760.1 670 2 0 0 0 0 0
SRSF10P1 764 2 0 4 0 0 4
RP11-815J4.1 258 0 0 0 0 0 0
RP11-49K24.8 2117 37 31 35 93 80 82
CTD-2526M8.2 478 0 0 0 0 0 0
RP11-456O19.3 454 0 0 0 0 0 0
RP11-64C12.3 1719 0 2 0 0 0 2
FAM60CP 664 8 6 10 6 2 6
RP11-718I15.1 548 1 2 0 0 0 0
RP11-379L18.1 507 11 15 4 6 6 5
RPS10P27 496 0 0 0 0 0 0
RP11-411B10.4 830 82 55 47 24 46 44
CTD-2130O13.1 1243 0 0 0 0 0 0
RP11-426J5.2 465 0 0 0 0 0 0
RP11-484L8.1 877 3 21 26 1 3 2
RP11-299P2.1 207 0 0 0 0 0 0
RP11-677O4.4 489 0 0 0 0 0 0
RP11-2N1.2 1081 2 0 0 2 0 1
RP11-154H12.3 527 0 0 0 0 0 0
RP11-35G9.5 1976 2 5 1 9 22 21
CTD-2526M8.3 522 0 0 0 0 0 0
RP11-677O4.5 108 0 0 0 0 0 0
NRBF2P1 859 0 0 0 0 0 0
RP11-49K24.5 273 1 7 4 1 3 3
AP001094.1 174 0 0 0 0 0 0
RP11-687D19.1 912 0 0 0 0 0 0
RP11-158H5.7 4382 329 228 231 237 225 210
AC009802.1 93 0 0 0 0 0 0
RP11-138H11.1 577 0 0 0 2 0 0
AC091150.1 537 0 0 0 0 0 0
RP11-380M21.4 282 0 0 2 0 0 0
AC015989.2 309 0 0 0 0 0 0
AC018445.1 246 0 0 0 0 0 0
RP11-635N19.3 418 4 2 2 0 0 2
RP11-742D12.2 966 0 0 0 0 0 0
RP11-411B10.8 811 17 23 17 3 12 25
RP11-863N1.4 466 0 0 0 0 0 0
RP11-510D21.2 175 0 0 0 0 0 0
RP11-736G13.2 304 0 0 0 0 0 0
RP11-63N3.2 275 0 0 0 0 0 0
SNORD58B 66 0 0 0 0 0 0
MIR3976 139 0 0 0 0 0 0
RP11-689C9.1 657 28 31 26 89 69 77
RP11-737O24.5 720 2 1 2 1 1 4
RP13-270P17.3 686 0 0 0 0 0 0
RP11-78A19.4 400 4 2 4 1 0 0
RP11-53B2.6 611 0 0 0 0 0 0
RP11-674N23.4 650 7 2 6 5 5 2
RP11-474N24.6 534 3 0 0 2 3 5
RP11-128P17.4 697 0 0 0 0 0 0
RP11-820I16.4 512 0 0 0 0 0 0
RP11-370A5.2 533 0 0 0 0 2 0
RP11-888D10.4 1003 23 36 26 15 20 9
RP11-621L6.3 562 0 0 0 7 6 2
RP11-61L19.2 586 4 1 2 2 6 5
RP11-535A5.1 407 2 4 3 2 0 2
RP11-61L19.3 751 26 22 30 11 22 6
RP11-672L10.6 483 45 52 45 22 18 9
RP11-376P6.3 513 0 0 0 0 2 4
RP11-861L17.4 552 0 0 0 1 0 2
RP11-2N1.3 424 0 0 0 0 0 0
RP11-405M12.4 663 41 51 62 1 11 11
VN1R74P 503 0 0 0 0 0 0
RP11-158H5.8 2021 0 18 10 0 2 1
RP11-757O6.6 528 1 2 0 0 1 0
RP11-326K13.5 325 0 0 0 2 0 0
RP11-1151B14.5 713 0 0 0 0 0 0
RP11-294N21.3 476 0 0 0 0 0 0
RP11-683L23.6 129 0 0 0 0 0 0
RP11-430E17.1 471 0 1 0 0 0 0
TCEB3CL2 1641 0 0 0 0 0 0
RP11-687F6.5 2599 0 0 0 4 0 4
RP11-567M16.6 2072 247 221 170 263 250 352
RP11-49I11.4 449 30 19 22 6 11 7
RP11-54G14.1 453 14 2 12 13 18 14
RP11-1030E3.2 605 0 0 0 0 0 0
RP11-4B16.3 361 2 1 0 0 0 0
RP11-196B3.3 568 0 0 0 0 0 0
RP11-126O1.6 249 1 0 0 0 0 0
RP11-762J3.1 198 0 0 0 0 0 0
RP11-322E11.2 2533 3 1 0 3 6 2
C18orf65 2076 83 82 80 48 27 46
RP11-349H17.2 1678 2 0 2 0 7 3
RP11-1O2.2 169 0 0 0 0 0 0
RP11-734B5.2 479 0 0 0 3 0 4
RP11-687E1.2 326 2 0 0 2 3 1
RP11-210K20.5 666 1 0 1 1 4 0
AC034110.1 2337 0 0 0 0 0 0
RP11-1151B14.1 1294 0 0 2 0 0 0
RP11-210K20.6 441 0 0 0 0 0 0
RP11-231E4.5 483 2 1 5 1 4 5
RP11-321M21.4 541 0 0 0 0 0 0
RP11-699C17.1 426 1 5 4 1 1 4
RP11-850A17.1 1683 11 9 10 0 9 12
RP11-193E15.4 319 0 0 0 0 0 0
RP11-9E17.1 2821 187 106 159 86 107 134
RP11-757O6.7 710 0 0 0 0 0 0
RP11-714M23.2 4980 0 0 0 0 0 0
MLECP1 709 0 0 0 0 0 0
RP11-23B5.2 210 0 0 0 0 0 0
AC139100.4 662 30 39 3 55 39 36
RP11-120K19.4 407 0 0 0 10 0 17
RP11-379L18.3 500 0 0 0 0 0 0
RP11-248M19.1 349 7 0 2 0 0 0
RP11-162A12.4 586 5 0 5 3 2 13
RP11-4B16.4 3125 28 33 36 8 3 7
RP11-96A15.1 545 4 2 5 2 2 1
RP11-17E3.1 524 0 0 0 0 0 2
RP11-405M12.3 555 8 2 7 9 2 4
RP11-49K24.9 875 0 0 0 0 0 0
RP11-706P11.2 481 7 6 4 5 4 0
RP11-246E12.2 2873 0 0 0 0 0 0
RP11-25L3.1 693 0 0 0 0 0 0
RP11-405M12.2 2674 0 0 0 0 0 0
RP11-789C7.1 664 0 0 0 0 0 0
RP11-644A7.2 1576 0 0 0 0 0 0
RP11-426J5.3 3548 2 2 0 0 1 0
RP11-723J4.3 1766 15 22 10 26 21 28
C18orf15 2534 0 0 0 0 0 0
RP11-5A1.1 3569 0 0 0 0 0 0
RP11-805F19.3 2529 0 0 0 0 0 0
RP11-322E11.3 237 2 1 3 3 0 0
RP11-800A18.3 2110 0 5 0 0 2 5
RP11-543H23.1 3577 0 0 0 0 0 0
RP11-120K19.3 1303 4 6 1 4 4 3
RP11-46D1.2 626 0 0 0 0 0 0
RP11-756J15.2 696 0 0 0 0 2 0
RP11-64C12.5 745 0 0 0 0 0 0
RP11-693M3.1 3095 0 0 0 0 0 0
RP11-799B12.1 362 4 1 10 3 8 9
RP11-411B10.7 864 0 1 0 1 0 2
RP11-776B3.1 603 0 0 0 0 0 0
RP11-380M21.3 298 0 0 2 0 0 0
RP11-157P23.1 1935 0 0 0 0 0 0
RP11-196B3.4 260 0 0 0 0 0 0
RP11-849I19.2 1302 0 0 0 0 2 0
RP11-4B16.1 2254 8 15 26 0 3 0
CTD-2576N18.1 1862 0 0 0 0 0 0
CTD-2286N8.1 2167 0 0 0 0 0 0
RP11-91I8.2 1929 0 0 0 0 0 0
RP11-1147P1.1 648 0 0 0 0 0 0
RP11-426J5.1 796 0 0 0 0 0 0
RP11-196B3.1 1945 0 1 2 1 4 2
RP11-797E24.1 1039 0 0 0 0 0 0
RP11-380M21.1 529 0 0 0 2 0 2
RP11-675P14.2 419 0 0 0 0 0 0
RP11-862L9.2 3998 8 7 16 4 2 0
RP11-63I8.1 1377 0 0 0 0 0 0
RP11-637N19.1 3174 0 0 0 0 0 0
RP11-720L3.1 236 0 0 0 0 0 1
RP11-196B3.2 2291 1 3 5 4 4 0
RP11-158H5.2 473 38 32 56 27 42 39
RP11-294N21.2 234 0 0 0 0 0 0
C18orf12 537 0 0 0 0 0 0
RP11-504I13.2 3765 0 2 0 2 4 0
RP11-49K24.3 478 16 6 16 12 24 24
RP11-64C12.1 3313 0 0 0 1 2 1
RP11-15F12.6 714 65 51 39 6 10 9
RP11-9H20.2 741 0 0 0 0 0 0
RP11-326K13.3 3189 0 0 0 0 0 0
RP11-379L18.2 597 0 2 0 0 0 0
RP11-683L23.7 741 0 0 0 0 0 0
RP11-639E23.1 198 0 0 0 0 0 0
RP11-299P2.2 547 0 0 0 0 0 0
